1 0.740234 0.557780 0.116687 0.102290
1 0.924109 0.536133 0.114281 0.099883
1 0.732578 0.462722 0.061156 0.058949
1 0.687516 0.465736 0.033812 0.050537
1 0.618313 0.448879 0.025750 0.043318
1 0.463391 0.483785 0.052313 0.048131
1 0.393781 0.515666 0.035406 0.071005
1 0.077117 0.543341 0.082891 0.073411
1 0.217133 0.549965 0.086109 0.077033
1 0.348719 0.528306 0.057938 0.089042
1 0.642055 0.574638 0.098984 0.123949
1 0.553930 0.568014 0.112672 0.120327
1 0.432406 0.667290 0.136812 0.160047
1 0.225188 0.645023 0.160156 0.180514
1 0.573242 0.844790 0.381453 0.255093
1 0.144313 0.801460 0.191531 0.255117
