1 0.083523 0.821866 0.129766 0.154014
1 0.930172 0.299002 0.129750 0.145610
1 0.614180 0.317054 0.111328 0.145610
1 0.747945 0.141960 0.101734 0.089038
1 0.086719 0.092019 0.121750 0.114319
1 0.464789 0.131138 0.099328 0.105892
1 0.168023 0.512606 0.169016 0.156432
1 0.141992 0.323674 0.113734 0.125141
1 0.050273 0.318251 0.072891 0.128756
1 0.389102 0.302617 0.087297 0.116737
1 0.758359 0.277946 0.124156 0.098662
1 0.786789 0.469272 0.099328 0.146808
1 0.892523 0.587805 0.132953 0.184108
1 0.735523 0.806831 0.155391 0.169671
1 0.505648 0.885047 0.161797 0.203380
1 0.622586 0.540880 0.129766 0.176878
1 0.462789 0.224390 0.087297 0.104695
1 0.630602 0.169038 0.083297 0.114319
1 0.261742 0.258087 0.080891 0.162465
1 0.433953 0.474096 0.165813 0.149225
1 0.139594 0.650986 0.177813 0.154038
1 0.358664 0.605869 0.193047 0.188920
1 0.530477 0.629331 0.174609 0.190117
1 0.287398 0.806221 0.202609 0.182911
