1 0.273008 0.855634 0.144953 0.155516
1 0.510242 0.716991 0.099609 0.100059
1 0.144016 0.706136 0.053000 0.044602
1 0.088148 0.705546 0.033203 0.072330
1 0.034828 0.609705 0.060656 0.083186
1 0.206922 0.716386 0.075344 0.079558
1 0.829844 0.814041 0.202437 0.195280
1 0.180102 0.630192 0.075359 0.068702
1 0.508961 0.568112 0.063859 0.091622
1 0.664141 0.650678 0.058750 0.080767
1 0.694789 0.567507 0.045984 0.056667
1 0.373906 0.528923 0.041500 0.059086
1 0.582719 0.569307 0.065781 0.067522
1 0.419562 0.679012 0.048531 0.067522
