1 0.642055 0.576402 0.098984 0.108411
1 0.141484 0.801460 0.116719 0.255117
1 0.583281 0.850187 0.346875 0.244299
1 0.214266 0.633645 0.109469 0.121495
1 0.553984 0.551822 0.080469 0.087944
1 0.352359 0.510234 0.050656 0.052897
1 0.220000 0.540304 0.054688 0.057710
1 0.077891 0.531355 0.052344 0.049439
1 0.395742 0.511460 0.031484 0.062593
1 0.466648 0.478925 0.045797 0.038411
1 0.621531 0.450082 0.025750 0.043341
1 0.687516 0.459720 0.033812 0.038505
1 0.725766 0.456098 0.047531 0.045748
1 0.929711 0.551764 0.107766 0.099883
1 0.735000 0.557780 0.090000 0.102290
1 0.432406 0.667290 0.136812 0.160047
