1 0.462789 0.224390 0.087297 0.104695
1 0.085391 0.824883 0.170781 0.198592
1 0.930172 0.299002 0.129750 0.145610
1 0.614180 0.317054 0.111328 0.145610
1 0.464789 0.131138 0.099328 0.105892
1 0.389102 0.302617 0.087297 0.116737
1 0.892523 0.587805 0.132953 0.184108
1 0.735523 0.806831 0.155391 0.169671
1 0.622586 0.540880 0.129766 0.176878
1 0.261742 0.258087 0.080891 0.162465
1 0.291016 0.806221 0.147344 0.182911
1 0.540453 0.608920 0.154656 0.149296
1 0.345055 0.605869 0.165828 0.188920
1 0.439531 0.474096 0.117813 0.149225
1 0.516055 0.873005 0.161797 0.217840
1 0.780805 0.462019 0.111297 0.132300
1 0.165625 0.517418 0.169000 0.156432
