1 0.180469 0.628466 0.059375 0.067552
1 0.266563 0.850737 0.133438 0.145723
1 0.514766 0.712242 0.085469 0.090560
1 0.088148 0.708614 0.033203 0.066195
1 0.027813 0.617552 0.054375 0.079351
1 0.832656 0.823156 0.088125 0.155457
1 0.494297 0.571091 0.039531 0.061357
1 0.668945 0.653053 0.049141 0.076018
1 0.693164 0.572257 0.042734 0.047168
1 0.373562 0.538009 0.034437 0.055546
1 0.592656 0.571091 0.031875 0.058997
1 0.418984 0.679012 0.037031 0.067522
1 0.206922 0.716386 0.075344 0.079558
1 0.144016 0.706136 0.053000 0.044602
